68
232 332
235 389
243 447
254 502
273 555
307 600
349 637
395 664
446 672
497 663
543 631
586 592
619 546
640 494
650 439
655 384
656 329
276 303
304 280
341 274
379 283
415 297
472 295
509 279
547 271
584 278
610 301
445 342
445 374
446 406
447 440
404 476
425 479
444 482
465 480
484 477
319 342
343 331
369 332
389 349
368 353
341 352
500 349
523 332
548 332
571 343
551 352
525 354
374 551
401 535
427 524
444 531
464 525
489 537
514 551
489 571
465 581
443 583
424 581
399 570
384 550
426 549
443 552
464 549
502 552
464 550
443 553
426 550
